
a =

     3


b =

     5


ans =

    15


a =

     3


b =

     5


ans =

    15

